MATRIKS INPUT:
1.0 8.0 64.0 2.0794 
1.0 9.0 81.0 2.1972 
1.0 9.5 90.25 2.2513 


Pivoting elemen [0, 0]

R0 <-> R0
1.0   8.0   64.0   2.0794   
1.0   9.0   81.0   2.1972   
1.0   9.5   90.25   2.2513   

R0 / 1.0
1.0   8.0   64.0   2.0794   
1.0   9.0   81.0   2.1972   
1.0   9.5   90.25   2.2513   

R1 - 1.0*R0
1.0   8.0   64.0   2.0794   
0.0   1.0   17.0   0.1178   
1.0   9.5   90.25   2.2513   

R2 - 1.0*R0
1.0   8.0   64.0   2.0794   
0.0   1.0   17.0   0.1178   
0.0   1.5   26.25   0.1719   

Pivoting elemen [1, 1]

R2 <-> R1
1.0   8.0   64.0   2.0794   
0.0   1.5   26.25   0.1719   
0.0   1.0   17.0   0.1178   

R1 / 1.5
1.0   8.0   64.0   2.0794   
0.0   1.0   17.5   0.1146   
0.0   1.0   17.0   0.1178   

R2 - 1.0*R1
1.0   8.0   64.0   2.0794   
0.0   1.0   17.5   0.1146   
0.0   0.0   -0.5   0.0032   

Pivoting elemen [2, 2]

R2 <-> R2
1.0   8.0   64.0   2.0794   
0.0   1.0   17.5   0.1146   
0.0   0.0   -0.5   0.0032   

R2 / -0.5
1.0   8.0   64.0   2.0794   
0.0   1.0   17.5   0.1146   
0.0   0.0   1.0   -0.0064   


MATRIKS HASIL ELIMINASI GAUSS DENGAN PIVOTING
1.0   8.0   64.0   2.0794   
0.0   1.0   17.5   0.1146   
0.0   0.0   1.0   -0.0064   


SOLUSI:
0.6762 + 0.2266x^1 -0.0064x^2

BANYAK PERCOBAAN NILAI x : 2
f(1.0) = 0.8964

f(2.0) = 1.1038
